valgrind --tool=cachegrind ./bin/tp3.out
915 793 
649 421 
530 862 
929 802 
96044 338565 
198 324 
526 91 
255120 138060 
42090376 71694464 
434 378 
68737360 32689080 
444 619 
927 567 
94017020 48620780 
51729098 44216754 
551719 553865 
558096 637917 
60851040 42355200 
428 143 
26258664 30849008 
40023884 48571656 
6576279 67430830 
91086400 84949280 
10954280 64766920 
16326735 32645750 
33398564 93951411 
13225216 39050752 
48173752 21912344 
17921244 63959677 
73099055 70281049 
52962048 14924800 
76475220 36494012 
18885256 93371184 
30213376 40109568 
75405085 26742770 
31174337 62160931 
13294736 8499568 
10833920 55042560 
71507456 50486784 
14590976 63602688 
4604160 77603840 
13040000 68531200 
81241600 32364800 
45994748 32000168 
116861 47744 
60062176 84754656 
11218240 16888160 
83220704 50728112 
5139200 83216640 
60230592 85032560 
96144640 27273216 
79367056 34758192 
88906701 93054030 
70490880 73466880 
59401984 2366976 
70433180 98413150 
15400704 40450560 
32595200 61444608 
4950016 6885888 
39803648 83110144 
683 41 
50241280 66535680 
31596032 70095360 
78063360 96981760 
72907808 84400900 
72836608 19778816 
88433408 92443648 
76705280 42178560 
74819640 23080272 
85481984 41245692 
7026522 98113761 
11045120 20061440 
3713868 33074398 
6113336 2886704 
20652800 83513600 
88063216 49014448 
75418624 5675520 
72936352 52371904 
38177253 92971214 
60355840 59828480 
61869440 18444160 
54937600 76236800 
36381952 23253760 
44224000 35097600 
1802752 88518400 
52508160 63531520 
72790784 37480704 
15861248 43768832 
50681984 44374464 
844974 1203069 
45629440 32071680 
20524800 90374400 
84220160 76116480 
29751040 67717120 
416000 23868160 
57979648 68951296 
24325120 10204160 
614400 9372160 
36558592 7668224 
44935680 33379840 
71613757 33674696 
73990400 73376000 
73941666 73222166 
1587200 63769600 
19145700 66591184 
23251200 22553600 
80386816 89064448 
10749920 19475120 
39731200 83033600 
93560832 22675200 
63271680 16780800 
42691200 67913600 
95433600 12814132 
1583544 12824808 
35456000 22656000 
74284800 26214400 
48800000 31200000 
41632000 95680000 
99360000 35040000 
99231360 48396800 
130195 51815 
5273600 45420800 
35200000 48000000 
7200000 76800000 
28672000 16332800 
0 20000000 
4800000 72000000 
69824000 12160000 
78408000 69737600 
24253328 88773632 
58304000 2016000 
56204000 38182400 
0 0 
24569600 87921920 
41829776 7877456 
12000000 70400000 
39200000 83200000 
88000000 36000000 
42841600 5318400 
19520000 77600000 
56013852 48055500 
23200000 82880000 
0 0 
81354200 56678800 
93725184 62494208 
703288 1067856 
76000000 15712000 
22752000 87200000 
9852768 85920544 
51520000 43680000 
55200000 39200000 
36000000 53600000 
84000000 53600000 
63679872 29692800 
58880000 60960000 
72979380 10522200 
40480000 95360000 
0 0 
52000000 0 
812800 37235200 
0 0 
66989312 92164096 
4262400 93779200 
0 0 
0 0 
81836800 43239680 
80000000 52000000 
48000000 8800000 
14720000 72320000 
26574400 35720000 
0 0 
21600000 68800000 
93708800 61529600 
45625600 49177600 
0 0 
20000000 48000000 
24000000 68000000 
60000000 68000000 
41212110 7206060 
4000000 92000000 
16000000 64000000 
987475 1259729 
0 0 
90316544 61350656 
3136000 81248000 
0 0 
83584000 36256000 
12000000 33920000 
0 0 
51339249 12983262 
97600000 30400000 
96672000 26752000 
39552000 61280000 
33388800 84492800 
0 0 
44096000 44480000 
0 0 
39980800 95142400 
61068800 27155200 
72000000 17600000 
0 0 
0 0 
0 0 
756 463 
19883200 84550400 
0 0 
0 0 
40000000 80000000 
48800000 80000000 
0 0 
88000000 12000000 
0 0 
12000000 70240000 
15976960 63054080 
55507200 42220800 
92032000 48224000 
11552000 34272000 
8960000 91200000 
85024000 96160000 
60480000 47520000 
70060868 47264958 
84000000 4000000 
224000 59856640 
9026304 50996224 
45324800 33235200 
13120000 25600000 
42912000 58912000 
9835952 58441834 
53600000 60800000 
46945224 29192 
17456640 28085760 
1760000 48000000 
64960000 13600000 
84000000 84000000 
68448000 25504000 
77909760 64628480 
67692800 82931200 
79457280 85126400 
67872000 57912320 
96406432 56832528 
5918720 14080 
91520000 76256000 
64000000 52000000 
74113280 91737600 
56925740 1651560 
1920000 20480000 
0 0 
78054400 39648000 
20000000 76000000 
19520000 41440000 
52000000 40000000 
16378880 40759040 
42575300 21595666 
63200000 32000000 
62882000 47399900 
94048000 63072000 
92000000 44000000 
77178880 82830080 
49025280 64070400 
0 0 
65600000 72000000 
90246400 33734400 
408333 1231739 
90048000 5856000 
18077120 69649760 
40000000 0 
60000000 20000000 
91225600 38630400 
54624000 4620800 
0 76000000 
71640320 33258240 
24354048 5488128 
64000000 52000000 
63820800 93529600 
35200000 49600000 
83328000 16992000 
9280000 27840000 
7107584 23072448 
88964224 17302080 
276 591 
18430208 67754592 
90400000 13280000 
53715200 73568000 
77568000 84064000 
69664000 79168000 
38048000 14534400 
27040000 73280000 
19200000 2400000 
68000000 60000000 
28787200 39142400 
40000000 0 
0 0 
64460800 62003200 
40064000 84064000 
48480000 42400000 
41244160 37108480 
66008190 29515960 
57766400 95769600 
21920000 58560000 
17830400 74080000 
40000000 40000000 
0 0 
58068736 48801280 
9465600 54156800 
0 60000000 
70400000 90400000 
67264000 76689920 
19200000 12800000 
0 0 
0 0 
9787600 35550128 
48000000 60000000 
0 0 
0 0 
40000000 40000000 
35808000 43392000 
0 0 
40000000 80000000 
7200000 41600000 
35520000 87033600 
90048000 46240000 
60000000 0 
72800000 48800000 
0 0 
19168000 31840000 
79321600 14470400 
98886400 1514240 
0 0 
62472320 13649920 
2400000 78400000 
88384768 21355776 
15840000 14560000 
57120000 32960000 
88851200 72851200 
35200000 11840000 
68997120 47429120 
40000000 0 
83840000 98880000 
18400000 67520000 
5283200 60613504 
8927000 98065600 
22519252 66659938 
75030956 7789456 
39200000 96000000 
78009600 35232000 
24000000 48000000 
75200000 26400000 
0 0 
484785 398670 
83792640 82624640 
67264000 67667200 
13216000 59968000 
0 0 
56108800 1740800 
36440250 36136670 
0 0 
70400000 53120000 
28000000 80000000 
85000976 25042880 
80000000 60000000 
62880000 60256000 
77408000 47200000 
50328320 83745280 
40000000 20000000 
65913600 13190400 
84000000 20000000 
42400000 7520000 
48320000 64320000 
5888000 2129920 
85696000 73824000 
44779520 49995520 
20000000 0 
0 0 
2054400 50995200 
78400000 44800000 
26080000 6240000 
96800000 77600000 
42950400 7923200 
32800768 96730880 
20896000 79744000 
85400992 35626352 
88800000 39200000 
86290688 74024960 
72503360 99726080 
0 0 
80000000 88000000 
72588800 65228800 
43808000 12544000 
15351040 87924480 
98592000 20569600 
0 0 
49568000 61017600 
67616000 23104000 
65593600 80668160 
90955400 94756640 
0 0 
10860800 76339200 
61088000 4288000 
18400000 69600000 
48226816 20271616 
52326400 68652800 
40168960 23910400 
16000000 56800000 
49920000 46400000 
19609600 52576000 
25337600 97856000 
80000000 52000000 
37168640 34260480 
800000 87200000 
17081600 60780800 
78575616 73200384 
4448000 40345600 
33561600 77177600 
50156800 48569600 
50831000 12949600 
0 0 
18664400 85092800 
1920000 85164800 
43196416 69528320 
16960000 98880000 
82752000 31456000 
80000000 0 
37600000 49760000 
88859392 56932992 
52000000 98400000 
0 0 
36000000 96000000 
31786021 78264023 
91974400 53056000 
0 0 
60000000 20000000 
0 0 
69415680 51270400 
91142400 22444800 
95344640 56000000 
5760000 33600000 
48000000 28000000 
87332824 98799690 
73553120 85083640 
32061440 59339520 
0 0 
35520000 88160000 
85248000 73574400 
24000000 36000000 
0 0 
0 0 
0 80000000 
0 0 
0 0 
53580800 82944000 
28011520 67276800 
0 0 
50585600 44460800 
99129600 665600 
0 0 
6873600 69923840 
0 0 
0 0 
23408810 5805058 
53350400 33555200 
54516704 73506560 
93376000 30912000 
0 0 
90400000 24800000 
40800000 44000000 
44800000 45440000 
85920000 46560000 
6400000 1600000 
60474111 67869150 
0 0 
0 0 
80800000 31680000 
20000000 40000000 
0 0 
94493084 63691334 
61600000 59200000 
24918834 54429369 
95251200 41107200 
0 0 
0 0 
79596032 82823680 
43549440 31222400 
0 0 
89707792 58307330 
71801600 28148480 
31360000 33920000 
0 0 
48000000 21600000 
0 0 
69733120 784640 
20000000 80000000 
92160000 18880000 
91686400 31622400 
0 0 
18643200 47648000 
72000000 8000000 
